[
 [None, None, (165,205,255), None, None, None, (165,205,255), None, None, None, None, None, None, ]
 [None, (165,205,255), None, (165,205,255), None, None, None, None, None, (165,205,255), None, None, None, ]
 [None, None, (165,205,255), None, None, (165,205,255), (165,205,255), (165,205,255), (165,205,255), None, None, (165,205,255), None, ]
 [None, None, None, None, (165,205,255), (119,179,254), (119,179,254), (165,205,255), (165,205,255), None, None, None, None, ]
 [(165,205,255), None, None, (165,205,255), (119,179,254), (119,179,254), (119,179,254), (119,179,254), (165,205,255), (165,205,255), (165,205,255), None, None, ]
 [None, (165,205,255), None, (165,205,255), (103,154,217), (119,179,254), (119,179,254), (119,179,254), (165,205,255), (165,205,255), None, (165,205,255), None, ]
 [None, (165,205,255), (165,205,255), (165,205,255), (165,205,255), (103,154,217), (119,179,254), (119,179,254), (119,179,254), (165,205,255), None, None, None, ]
 [None, None, (165,205,255), (119,179,254), (165,205,255), (103,154,217), (119,179,254), (119,179,254), (119,179,254), (165,205,255), (165,205,255), None, None, ]
 [None, (165,205,255), (165,205,255), (119,179,254), (165,205,255), (165,205,255), (103,154,217), (119,179,254), (119,179,254), (165,205,255), (165,205,255), None, None, ]
 [None, (165,205,255), (103,154,217), (119,179,254), (119,179,254), (165,205,255), (165,205,255), (103,154,217), (165,205,255), (119,179,254), (165,205,255), (165,205,255), (165,205,255), ]
 [(165,205,255), (165,205,255), (103,154,217), (103,154,217), (119,179,254), (119,179,254), (165,205,255), (165,205,255), (119,179,254), (119,179,254), (165,205,255), None, (165,205,255), ]
 [None, (165,205,255), (103,154,217), (103,154,217), (103,154,217), (119,179,254), (119,179,254), (119,179,254), (119,179,254), (119,179,254), (165,205,255), None, None, ]
 [None, (165,205,255), (165,205,255), (165,205,255), (165,205,255), (103,154,217), (103,154,217), (119,179,254), (119,179,254), (165,205,255), (165,205,255), None, None, ]
 [(165,205,255), None, (165,205,255), (103,154,217), (119,179,254), (165,205,255), (103,154,217), (103,154,217), (165,205,255), (165,205,255), None, None, None, ]
 [None, None, (165,205,255), (165,205,255), (103,154,217), (119,179,254), (165,205,255), (165,205,255), (165,205,255), None, None, (165,205,255), None, ]
 [None, (165,205,255), None, (165,205,255), (165,205,255), (165,205,255), (165,205,255), None, None, None, (165,205,255), None, (165,205,255), ]
 [None, (165,205,255), None, None, (165,205,255), None, None, None, (165,205,255), None, None, (165,205,255), None, ]
 [None, None, None, (165,205,255), (165,205,255), None, None, None, None, None, None, None, None, ]
 [None, None, None, None, None, (165,205,255), None, (165,205,255), None, None, None, (165,205,255), None, ]
]