[
 [None, None, (150,150,150), (150,150,150), (150,150,150), (150,150,150), (150,150,150), None, None, None, ]
 [None, (150,150,150), (150,150,150), (150,150,150), (150,150,150), (150,150,150), (150,150,150), (114,109,114), None, None, ]
 [None, (150,150,150), (150,150,150), (150,150,150), (150,150,150), (150,150,150), (150,150,150), (114,109,114), None, None, ]
 [None, (150,150,150), (59,35,0), (255,238,211), (255,238,211), (59,35,0), (150,150,150), (114,109,114), None, None, ]
 [None, None, (150,150,150), (150,150,150), (150,150,150), (150,150,150), (114,109,114), (114,109,114), None, None, ]
 [None, None, None, (150,150,150), (114,109,114), (114,109,114), (114,109,114), None, None, None, ]
 [None, (150,150,150), (150,150,150), (150,150,150), (150,150,150), (150,150,150), (150,150,150), (150,150,150), (150,150,150), None, ]
 [None, (150,150,150), (150,150,150), (150,150,150), (150,150,150), (150,150,150), (150,150,150), (150,150,150), (150,150,150), None, ]
 [(150,150,150), (150,150,150), (114,109,114), (150,150,150), (150,150,150), (150,150,150), (150,150,150), (114,109,114), (150,150,150), (150,150,150), ]
 [(150,150,150), (114,109,114), None, (150,150,150), (150,150,150), (150,150,150), (150,150,150), None, (114,109,114), (150,150,150), ]
 [(114,109,114), None, None, (114,109,114), (150,150,150), (150,150,150), (114,109,114), None, None, (114,109,114), ]
 [(114,109,114), None, (150,150,150), (150,150,150), (114,109,114), (114,109,114), (150,150,150), (150,150,150), None, (114,109,114), ]
 [None, None, (150,150,150), (150,150,150), (150,150,150), (150,150,150), (150,150,150), (150,150,150), None, None, ]
 [None, None, (150,150,150), (150,150,150), (114,109,114), (114,109,114), (150,150,150), (150,150,150), None, None, ]
 [None, (150,150,150), (150,150,150), (150,150,150), (114,109,114), (114,109,114), (150,150,150), (114,109,114), None, None, ]
 [None, (150,150,150), (150,150,150), None, None, None, (150,150,150), (114,109,114), None, None, ]
 [None, (150,150,150), (114,109,114), None, None, None, (150,150,150), (114,109,114), None, None, ]
 [None, (150,150,150), (114,109,114), None, None, None, (150,150,150), (114,109,114), None, None, ]
 [None, (114,109,114), (114,109,114), None, None, None, (114,109,114), (114,109,114), None, None, ]
 [(114,109,114), (114,109,114), (114,109,114), None, None, (114,109,114), (114,109,114), (114,109,114), None, None, ]
]