[
 [None, None, (255,255,255), (255,255,255), (255,255,255), (255,255,255), (255,255,255), None, None, None, ]
 [None, (255,255,255), (255,255,255), (255,255,255), (255,255,255), (255,255,255), (255,255,255), (255,255,255), None, None, ]
 [None, (255,255,255), (255,255,255), (255,238,211), (255,238,211), (255,238,211), (255,255,255), (255,255,255), None, None, ]
 [None, (255,255,255), (0,255,0), (255,238,211), (255,238,211), (0,255,0), (255,255,255), (255,255,255), None, None, ]
 [None, None, (255,255,255), (255,238,211), (255,238,211), (255,238,211), (255,255,255), (255,255,255), None, None, ]
 [(128,21,137), (137,22,136), (255,255,255), (255,255,255), (255,255,255), (255,255,255), (255,255,255), (128,21,137), (137,22,136), (128,21,137), ]
 [None, (128,21,137), (255,255,255), (255,255,255), (255,255,255), (255,255,255), (137,22,136), (128,21,137), (137,22,136), None, ]
 [None, (128,21,137), (137,22,136), (255,255,255), (255,255,255), (255,255,255), (137,22,136), (137,22,136), (137,22,136), None, ]
 [(137,22,136), (137,22,136), (137,22,136), (128,21,137), (255,255,255), (137,22,136), (95,62,29), (137,22,136), (128,21,137), (128,21,137), ]
 [(137,22,136), (128,21,137), None, (137,22,136), (255,255,255), (128,21,137), (95,62,29), None, (137,22,136), (128,21,137), ]
 [(128,21,137), None, None, (0,255,0), (255,255,255), (0,255,0), (0,255,0), None, None, (137,22,136), ]
 [(128,21,137), None, (137,22,136), (137,22,136), (255,255,255), (95,62,29), (128,21,137), (128,21,137), None, (128,21,137), ]
 [None, None, (137,22,136), (128,21,137), (137,22,136), (95,62,29), (128,21,137), (137,22,136), None, None, ]
 [None, None, (137,22,136), (128,21,137), (137,22,136), (137,22,136), (137,22,136), (137,22,136), None, None, ]
 [None, (137,22,136), (128,21,137), (137,22,136), (137,22,136), (128,21,137), (128,21,137), (137,22,136), None, None, ]
 [None, (137,22,136), (137,22,136), (137,22,136), None, (128,21,137), (128,21,137), (137,22,136), None, None, ]
 [None, (128,21,137), (137,22,136), None, None, None, (137,22,136), (128,21,137), None, None, ]
 [None, (128,21,137), (137,22,136), None, None, None, (128,21,137), (137,22,136), None, None, ]
 [None, (137,22,136), (128,21,137), None, None, None, (128,21,137), (137,22,136), None, None, ]
 [(128,21,137), (137,22,136), (137,22,136), None, None, (137,22,136), (128,21,137), (128,21,137), None, None, ]
]